13 0.52890625 0.3125 0.28359375 0.07421875
13 0.5765625 0.6546875 0.259375 0.18984375
13 0.30625 0.6515625 0.10078125 0.1421875
13 0.31875 0.3546875 0.08203125 0.08203125
13 0.20703125 0.57421875 0.05078125 0.06015625
12 0.61328125 0.203125 0.18984375 0.08671875
12 0.365625 0.4015625 0.08671875 0.084375
12 0.3953125 0.66328125 0.115625 0.25703125
12 0.1515625 0.62265625 0.0484375 0.13203125
23 0.42890625 0.2296875 0.16328125 0.08203125
23 0.40234375 0.5484375 0.3265625 0.05078125
23 0.6625 0.3453125 0.1921875 0.16328125