27 0.359375 0.20703125 0.2328125 0.103125
27 0.64296875 0.19921875 0.2671875 0.19453125
27 0.4828125 0.39296875 0.25703125 0.19453125
27 0.8328125 0.36640625 0.1609375 0.18984375
27 0.7640625 0.59765625 0.18046875 0.24296875
27 0.5046875 0.7453125 0.34140625 0.1421875
16 0.3640625 0.08515625 0.25234375 0.13203125
16 0.803125 0.13828125 0.21875 0.1703125
16 0.959375 0.359375 0.07421875 0.19453125
16 0.259375 0.40234375 0.18984375 0.19453125
16 0.93125 0.66015625 0.12734375 0.30078125
16 0.53828125 0.89765625 0.41796875 0.19453125